Easy_Map
test.mp3 45000
4 4 4 
1 2000 400 400
1 3000 600 400
1 4000 600 600
1 5000 400 600
1 11500 400 400
1 11888 400 500
1 11111 500 500
1 11500 500 400
1 11888 150 400
1 12111 350 400
1 12500 550 400
1 12888 750 400
1 14666 750 550
1 15000 550 550
1 15333 475 550
1 15666 400 550
1 16000 325 550
1 16333 250 550
1 16666 250 500
1 17000 250 550
1 18000 250 600
1 19500 250 650
1 19500 250 700
1 19000 250 750
1 19500 300 750
1 19000 350 750
1 19500 425 675
1 19000 500 600
1 19500 575 525
1 19000 650 450